4: [479 18 0 3]
 6: [479 18 0 3]
 8: [497 0 3 0]
 11: [497 0 3 0]
 12: [497 0 3 0]
 13: [497 0 3 0]
 14: [497 0 3 0]
 15: [497 0 3 0]
 16: [497 0 3 0]
 17: [497 0 0 3]
 18: [497 0 0 3]
 19: [69 428 0 3]
 20: [428 69 0 3]
 21: [332 165 0 3]
 22: [497 0 0 3]
 23: [5 492 0 3]
 24: [492 5 0 3]
 25: [489 8 0 3]
 26: [497 0 0 3]
 28: [479 18 0 3]
 29: [479 18 0 3]
 30: [448 49 0 3]
 31: [479 18 0 3]
 32: [209 288 0 3]
 33: [462 35 0 3]
 34: [433 64 0 3]
 37: [497 0 3 0]
 38: [0 497 3 0]
 39: [497 0 3 0]
 41: [497 0 3 0]
 42: [497 0 3 0]
