4: [249 30 221 0]
 6: [249 30 221 0]
 8: [279 0 221 0]
 11: [279 0 221 0]
 12: [279 0 221 0]
 13: [279 0 221 0]
 14: [279 0 221 0]
 15: [279 0 221 0]
 16: [279 0 221 0]
 17: [274 5 221 0]
 18: [274 5 221 0]
 19: [43 236 37 184]
 20: [231 48 184 37]
 21: [191 88 136 85]
 22: [274 5 221 0]
 23: [2 277 2 219]
 24: [272 7 219 2]
 25: [270 9 219 2]
 26: [274 5 221 0]
 28: [249 30 221 0]
 29: [249 30 221 0]
 30: [223 56 221 0]
 31: [249 30 221 0]
 32: [115 164 83 138]
 33: [241 38 221 0]
 34: [241 38 221 0]
 37: [279 0 221 0]
 38: [5 274 0 221]
 39: [279 0 221 0]
 41: [279 0 221 0]
 42: [279 0 221 0]
