4: [55 13 432 0]
 6: [55 13 432 0]
 8: [68 0 432 0]
 11: [68 0 432 0]
 12: [68 0 432 0]
 13: [68 0 432 0]
 14: [68 0 432 0]
 15: [68 0 432 0]
 16: [68 0 432 0]
 17: [64 4 432 0]
 18: [64 4 432 0]
 19: [7 61 76 356]
 20: [57 11 356 76]
 21: [49 19 271 161]
 22: [64 4 432 0]
 23: [1 67 1 431]
 24: [63 5 431 1]
 25: [61 7 431 1]
 26: [64 4 432 0]
 28: [55 13 432 0]
 29: [55 13 432 0]
 30: [24 44 129 303]
 31: [55 13 432 0]
 32: [18 50 203 229]
 33: [48 20 425 7]
 34: [35 33 409 23]
 37: [68 0 432 0]
 38: [4 64 0 432]
 39: [68 0 432 0]
 41: [68 0 432 0]
 42: [68 0 432 0]
