5: [67 0 433 0]
 7: [67 0 433 0]
 8: [67 0 433 0]
 9: [67 0 433 0]
 11: [1 66 14 419]
 14: [11 56 58 375]
 15: [3 64 40 393]
 17: [11 56 58 375]
 21: [66 1 433 0]
 23: [66 1 433 0]
 24: [66 1 433 0]
 25: [56 11 384 49]
 27: [10 57 49 384]
 31: [0 67 430 3]
 34: [0 67 346 87]
 35: [0 67 346 87]
 37: [0 67 430 3]
 39: [0 67 430 3]
 42: [67 0 433 0]
 45: [67 0 433 0]
 46: [67 0 433 0]
 48: [67 0 433 0]
 49: [67 0 433 0]
 50: [67 0 433 0]
 51: [67 0 433 0]
 52: [67 0 433 0]
 53: [67 0 433 0]
 54: [12 55 58 375]
 55: [12 55 58 375]
 56: [66 1 433 0]
 57: [0 67 433 0]
 58: [0 67 433 0]
 60: [66 1 421 12]
 61: [66 1 421 12]
 65: [67 0 433 0]
 66: [67 0 433 0]
 67: [67 0 433 0]
 69: [67 0 433 0]
 70: [67 0 433 0]
