5: [170 1 329 0]
 7: [170 1 329 0]
 8: [170 1 329 0]
 9: [170 1 329 0]
 11: [6 165 14 315]
 14: [24 147 58 271]
 15: [10 161 35 294]
 17: [24 147 58 271]
 21: [169 2 329 0]
 23: [169 2 329 0]
 24: [68 103 329 0]
 25: [14 157 50 279]
 27: [54 117 279 50]
 31: [169 2 329 0]
 34: [169 2 329 0]
 35: [169 2 329 0]
 37: [0 171 236 93]
 39: [169 2 329 0]
 42: [171 0 329 0]
 45: [171 0 329 0]
 46: [171 0 329 0]
 48: [171 0 329 0]
 49: [171 0 329 0]
 50: [171 0 329 0]
 51: [171 0 329 0]
 52: [171 0 329 0]
 53: [170 1 329 0]
 54: [25 146 58 271]
 55: [25 146 58 271]
 56: [169 2 329 0]
 57: [70 101 329 0]
 58: [70 101 329 0]
 60: [167 4 319 10]
 61: [167 4 319 10]
 65: [171 0 329 0]
 66: [171 0 329 0]
 67: [171 0 329 0]
 69: [171 0 329 0]
 70: [171 0 329 0]
