4: [173 16 300 11]
 6: [173 16 300 11]
 8: [189 0 311 0]
 11: [189 0 311 0]
 12: [189 0 311 0]
 13: [189 0 311 0]
 14: [189 0 311 0]
 15: [189 0 311 0]
 16: [189 0 311 0]
 17: [185 4 311 0]
 18: [185 4 311 0]
 19: [96 93 0 311]
 20: [89 100 311 0]
 21: [2 187 0 311]
 22: [185 4 311 0]
 23: [3 186 2 309]
 24: [182 7 309 2]
 25: [180 9 308 3]
 26: [185 4 311 0]
 28: [173 16 300 11]
 29: [173 16 300 11]
 30: [166 23 283 28]
 31: [173 16 300 11]
 32: [81 108 131 180]
 33: [167 22 286 25]
 34: [153 36 273 38]
 37: [189 0 311 0]
 38: [4 185 0 311]
 39: [189 0 311 0]
 41: [189 0 311 0]
 42: [189 0 311 0]
