4: [0 23 477 0]
 6: [0 23 477 0]
 8: [23 0 477 0]
 11: [23 0 477 0]
 12: [23 0 477 0]
 13: [23 0 477 0]
 14: [23 0 477 0]
 15: [23 0 477 0]
 16: [23 0 477 0]
 17: [19 4 477 0]
 18: [19 4 477 0]
 19: [3 20 81 396]
 20: [16 7 396 81]
 21: [15 8 317 160]
 22: [19 4 477 0]
 23: [3 20 2 475]
 24: [16 7 475 2]
 25: [13 10 475 2]
 26: [19 4 477 0]
 28: [0 23 477 0]
 29: [0 23 477 0]
 30: [0 23 477 0]
 31: [0 23 477 0]
 32: [0 23 213 264]
 33: [0 23 466 11]
 34: [0 23 441 36]
 37: [23 0 477 0]
 38: [4 19 0 477]
 39: [23 0 477 0]
 41: [23 0 477 0]
 42: [23 0 477 0]
