5: [91 3 406 0]
 7: [91 3 406 0]
 8: [91 3 406 0]
 9: [91 3 406 0]
 11: [0 94 18 388]
 14: [9 85 393 13]
 15: [0 94 47 359]
 17: [9 85 393 13]
 21: [90 4 406 0]
 23: [90 4 406 0]
 24: [0 94 406 0]
 25: [0 94 349 57]
 27: [0 94 57 349]
 31: [90 4 406 0]
 34: [90 4 406 0]
 35: [90 4 406 0]
 37: [0 94 394 12]
 39: [90 4 406 0]
 42: [94 0 406 0]
 45: [94 0 406 0]
 46: [94 0 406 0]
 48: [94 0 406 0]
 49: [94 0 406 0]
 50: [94 0 406 0]
 51: [94 0 406 0]
 52: [94 0 406 0]
 53: [91 3 406 0]
 54: [10 84 406 0]
 55: [10 84 406 0]
 56: [90 4 406 0]
 57: [0 94 406 0]
 58: [0 94 406 0]
 60: [90 4 392 14]
 61: [90 4 392 14]
 65: [94 0 406 0]
 66: [94 0 406 0]
 67: [94 0 406 0]
 69: [94 0 406 0]
 70: [94 0 406 0]
