5: [351 3 146 0]
 7: [351 3 146 0]
 8: [351 3 146 0]
 9: [351 3 146 0]
 11: [6 348 11 135]
 14: [32 322 31 115]
 15: [11 343 24 122]
 17: [32 322 31 115]
 21: [351 3 146 0]
 23: [351 3 146 0]
 24: [258 96 146 0]
 25: [235 119 116 30]
 27: [23 331 30 116]
 31: [351 3 146 0]
 34: [351 3 146 0]
 35: [351 3 146 0]
 37: [82 272 146 0]
 39: [351 3 146 0]
 42: [354 0 146 0]
 45: [354 0 146 0]
 46: [354 0 146 0]
 48: [354 0 146 0]
 49: [354 0 146 0]
 50: [354 0 146 0]
 51: [354 0 146 0]
 52: [354 0 146 0]
 53: [351 3 146 0]
 54: [32 322 31 115]
 55: [32 322 31 115]
 56: [351 3 146 0]
 57: [259 95 146 0]
 58: [259 95 146 0]
 60: [344 10 137 9]
 61: [344 10 137 9]
 65: [354 0 146 0]
 66: [354 0 146 0]
 67: [354 0 146 0]
 69: [354 0 146 0]
 70: [354 0 146 0]
