5: [497 3 0 0]
 7: [497 3 0 0]
 8: [497 3 0 0]
 9: [497 3 0 0]
 11: [14 486 0 0]
 14: [75 425 0 0]
 15: [40 460 0 0]
 17: [75 425 0 0]
 21: [497 3 0 0]
 23: [497 3 0 0]
 24: [413 87 0 0]
 25: [359 141 0 0]
 27: [54 446 0 0]
 31: [497 3 0 0]
 34: [497 3 0 0]
 35: [497 3 0 0]
 37: [237 263 0 0]
 39: [497 3 0 0]
 42: [500 0 0 0]
 45: [500 0 0 0]
 46: [500 0 0 0]
 48: [500 0 0 0]
 49: [500 0 0 0]
 50: [500 0 0 0]
 51: [500 0 0 0]
 52: [500 0 0 0]
 53: [497 3 0 0]
 54: [75 425 0 0]
 55: [75 425 0 0]
 56: [497 3 0 0]
 57: [417 83 0 0]
 58: [417 83 0 0]
 60: [483 17 0 0]
 61: [483 17 0 0]
 65: [500 0 0 0]
 66: [500 0 0 0]
 67: [500 0 0 0]
 69: [500 0 0 0]
 70: [500 0 0 0]
