5: [429 2 69 0]
 7: [429 2 69 0]
 8: [429 2 69 0]
 9: [429 2 69 0]
 11: [0 431 18 51]
 14: [17 414 69 0]
 15: [17 414 69 0]
 17: [0 431 49 20]
 21: [429 2 69 0]
 23: [429 2 69 0]
 24: [348 83 61 8]
 25: [348 83 53 16]
 27: [0 431 8 61]
 31: [429 2 69 0]
 34: [429 2 69 0]
 35: [429 2 69 0]
 37: [181 250 39 30]
 39: [429 2 69 0]
 42: [431 0 69 0]
 45: [431 0 69 0]
 46: [431 0 69 0]
 48: [431 0 69 0]
 49: [431 0 69 0]
 50: [431 0 69 0]
 51: [431 0 69 0]
 52: [431 0 69 0]
 53: [429 2 69 0]
 54: [17 414 69 0]
 55: [17 414 69 0]
 56: [429 2 69 0]
 57: [353 78 61 8]
 58: [353 78 61 8]
 60: [416 15 66 3]
 61: [416 15 66 3]
 65: [431 0 69 0]
 66: [431 0 69 0]
 67: [431 0 69 0]
 69: [431 0 69 0]
 70: [431 0 69 0]
