5: [200 3 297 0]
 7: [200 3 297 0]
 8: [200 3 297 0]
 9: [200 3 297 0]
 11: [17 186 2 295]
 14: [65 138 9 288]
 15: [37 166 9 288]
 17: [65 138 9 288]
 21: [200 3 297 0]
 23: [200 3 297 0]
 24: [116 87 297 0]
 25: [67 136 297 0]
 27: [49 154 0 297]
 31: [200 3 297 0]
 34: [200 3 297 0]
 35: [200 3 297 0]
 37: [35 168 219 78]
 39: [200 3 297 0]
 42: [203 0 297 0]
 45: [203 0 297 0]
 46: [203 0 297 0]
 48: [203 0 297 0]
 49: [203 0 297 0]
 50: [203 0 297 0]
 51: [203 0 297 0]
 52: [203 0 297 0]
 53: [200 3 297 0]
 54: [65 138 9 288]
 55: [65 138 9 288]
 56: [200 3 297 0]
 57: [119 84 297 0]
 58: [119 84 297 0]
 60: [195 8 286 11]
 61: [195 8 286 11]
 65: [203 0 297 0]
 66: [203 0 297 0]
 67: [203 0 297 0]
 69: [203 0 297 0]
 70: [203 0 297 0]
