4: [96 10 383 11]
 6: [96 10 383 11]
 8: [106 0 394 0]
 11: [106 0 394 0]
 12: [106 0 394 0]
 13: [106 0 394 0]
 14: [106 0 394 0]
 15: [106 0 394 0]
 16: [106 0 394 0]
 17: [102 4 394 0]
 18: [102 4 394 0]
 19: [98 8 394 0]
 20: [4 102 0 394]
 21: [4 102 0 394]
 22: [102 4 394 0]
 23: [0 106 1 393]
 24: [102 4 393 1]
 25: [98 8 393 1]
 26: [102 4 394 0]
 28: [96 10 383 11]
 29: [96 10 383 11]
 30: [90 16 361 33]
 31: [96 10 383 11]
 32: [50 56 157 237]
 33: [94 12 373 21]
 34: [88 18 362 32]
 37: [106 0 394 0]
 38: [4 102 0 394]
 39: [106 0 394 0]
 41: [106 0 394 0]
 42: [106 0 394 0]
