5: [420 0 80 0]
 7: [420 0 80 0]
 8: [420 0 80 0]
 9: [420 0 80 0]
 11: [0 420 33 47]
 14: [0 420 80 0]
 15: [0 420 48 32]
 17: [0 420 80 0]
 21: [420 0 80 0]
 23: [420 0 80 0]
 24: [348 72 65 15]
 25: [348 72 18 62]
 27: [0 420 47 33]
 31: [420 0 80 0]
 34: [420 0 80 0]
 35: [420 0 80 0]
 37: [175 245 42 38]
 39: [420 0 80 0]
 42: [420 0 80 0]
 45: [420 0 80 0]
 46: [420 0 80 0]
 48: [420 0 80 0]
 49: [420 0 80 0]
 50: [420 0 80 0]
 51: [420 0 80 0]
 52: [420 0 80 0]
 53: [420 0 80 0]
 54: [0 420 80 0]
 55: [0 420 80 0]
 56: [420 0 80 0]
 57: [351 69 65 15]
 58: [351 69 65 15]
 60: [406 14 80 0]
 61: [406 14 80 0]
 65: [420 0 80 0]
 66: [420 0 80 0]
 67: [420 0 80 0]
 69: [420 0 80 0]
 70: [420 0 80 0]
