4: [0 10 474 16]
 6: [0 10 474 16]
 8: [10 0 490 0]
 11: [10 0 490 0]
 12: [10 0 490 0]
 13: [10 0 490 0]
 14: [10 0 490 0]
 15: [10 0 490 0]
 16: [10 0 490 0]
 17: [6 4 490 0]
 18: [6 4 490 0]
 19: [0 10 68 422]
 20: [6 4 422 68]
 21: [5 5 321 169]
 22: [6 4 490 0]
 23: [3 7 0 490]
 24: [3 7 490 0]
 25: [0 10 490 0]
 26: [6 4 490 0]
 28: [0 10 474 16]
 29: [0 10 474 16]
 30: [0 10 444 46]
 31: [0 10 474 16]
 32: [0 10 229 261]
 33: [0 10 468 22]
 34: [0 10 450 40]
 37: [10 0 490 0]
 38: [4 6 0 490]
 39: [10 0 490 0]
 41: [10 0 490 0]
 42: [10 0 490 0]
