34
36
168
174
179
253
271
292
308
310
378
405
460
486
505
532
578
592
611
642
713
759
761
775
781
789
813
814
815
816
844
877
882
887
900
902
903
905
925
1004
1007
1014
1020
1021
1024
1033
1097
1100
1132
1169
1173
1196
1210
1220
1258
1271
1289
1293
1309
1316
1326
1327
1332
1343
1353
1361
1365
1446
1448
1459
1464
1490
1499
1507
1522
1523
1549
1554
1573
1586
1636
1663
1666
1689
1692
1708
1715
1717
1726
1756
1760
1774
1781
1782
1784
1788
1796
1820
1825
1861
1862
1
7
12
31
32
62
86
87
132
226
244
347
380
381
389
392
460
485
517
543
626
638
642
650
652
709
725
736
767
769
770
787
801
863
865
888
897
915
980
1017
1050
1059
1061
1071
1079
1095
1098
1115
1127
1160
1163
1164
1166
1174
1180
1210
1244
1253
1286
1303
1308
1319
1341
1353
1355
1366
1370
1380
1423
1435
1447
1517
1527
1550
1565
1626
1629
1637
1650
1651
1699
1714
1715
1762
1766
1806
1819
1839
1840
1854
1873
1898
1914
1940
1969
1979
1992
2011
2021
2041
2104
2247
2252
2264
2266
2271
2316
2344
2349
2368
2373
2410
2420
2442
2456
2457
2462
2474
2504
2546
2563
2583
2654
2664
2666
2675
2713
2798
2802
2870
2882
2885
2891
2908
2944
2968
2970
2981
2983
2997
3017
3035
3055
3078
3080
3121
3140
3190
3202
3229
3294
3304
3311
3320
3321
3342
3395
3399
3401
3435
3446
3518
3521
3530
3536
3546
3551
3566
3567
3574
3576
3577
3586
3588
3589
3620
3639
3642
3655
3665
3674
3684
3712
3726
3754
3760
3764
3769
3818
3825
3852
3858
3868
3929
3938
3953
3972
3989
4019
4059
4071
4076
4078
4087
4092
4170
4180
4199
4234
4236
4240
4254
4291
4301
4311
4336
4339
4345
4372
4387
4411
4413
4451
4482
4489
4509
4546
4569
4594
4599
4614
4648
4654
4678
4685
4686
4701
4706
4736
4742
4752
4754
4774
4776
4779
4786
4794
4822
4833
4856
4858
4877
4888
4896
4899
4937
4942
4982
