
2
53
60
75
80
83
84
86
93
108
110
123
129
152
167
194
199
242
262
267
280
287
293
344
349
365
383
387
414
432
437
440
441
461
477
482
485
506
517
518
523
552
580
582
586
590
591
593
600
619
620
632
643
646
657
668
696
708
713
719
722
742
746
750
763
767
769
777
791
793
801
802
803
824
827
829
836
841
846
912
913
916
924
941
942
957
973
981
996
1000
1018
1023
1051
1060
1063
1068
1073
1086
1092
1101
1137
1139
1155
1170
1184
1209
1215
1218
1230
1239
1242
1252
1273
1304
1318
1326
1338
1346
1352
1368
1385
1394
1398
1409
1421
1426
1458
1484
1490
1493
1495
1499
1519
1531
1538
1539
1558
1582
1592
1608
1609
1616
1635
1647
1684
1688
1697
1698
1720
1741
1742
1749
1784
1788
1792
1796
1840
1847
1850
1856
1909
1914
1948
1977
1993
2005
2006
2009
2010
2018
2038
2046
2051
2072
2081
2084
2088
2098
2124
2125
2143
2157
2169
2183
2200
2212
2218
2220
2245
2248
2249
2253
2259
2271
2286
2299
2303
2307
2309
2318
2335
2343
2344
2349
2356
2390
2394
2397
2409
2412
2423
2465
2469
2479
2484
2526
2527
2530
2544
2546
2568
2576
2600
2611
2621
2622
2632
2636
2647
2648
2649
2656
2708
2718
2719
2721
2729
2734
2737
2745
2755
2756
2759
2798
2819
2844
2851
2940
2943
2946
2947
2949
2955
2969
2991
3006
3009
3023
3034
3035
3039
3059
3061
3075
3077
3114
3126
3154
3172
3193
3197
3223
3225
3237
3265
3271
3286
3313
3347
3352
3355
3374
3382
3397
3432
3506
3533
3540
3545
3565
3567
3572
3582
3588
3594
3597
3600
3602
3609
3620
3628
3632
3643
3647
3648
3665
3684
3700
3706
3715
3726
3776
3778
3788
3790
3798
3800
3801
3804
3824
3840
3859
3872
3887
3902
3923
3924
3929
3945
3947
3954
3974
3983
4003
4011
4020
4024
4026
4051
4056
4069
4072
4092
4095
4096
4103
4116
4126
4132
4141
4149
4190
4212
4215
4224
4256
4278
4307
4313
4324
4330
4339
4366
4372
4376
4378
4384
4392
4399
4406
4417
4423
4432
4435
4440
4442
4470
4479
4494
4501
4517
4536
4541
4551
4556
4572
4582
4599
4607
4621
4630
4638
4640
4649
4653
4661
4666
4672
4689
4695
4724
4728
4742
4767
4776
4786
4797
4803
4805
4813
4818
4830
4835
4836
4847
4852
4855
4869
4876
4881
4889
4909
4926
4944
4974
4984
4990
