4: [0 26 474 0]
 6: [0 26 474 0]
 8: [26 0 474 0]
 11: [26 0 474 0]
 12: [26 0 474 0]
 13: [26 0 474 0]
 14: [26 0 474 0]
 15: [26 0 474 0]
 16: [26 0 474 0]
 17: [23 3 474 0]
 18: [23 3 474 0]
 19: [4 22 76 398]
 20: [19 7 398 76]
 21: [15 11 314 160]
 22: [23 3 474 0]
 23: [4 22 2 472]
 24: [19 7 472 2]
 25: [16 10 472 2]
 26: [23 3 474 0]
 28: [0 26 474 0]
 29: [0 26 474 0]
 30: [0 26 474 0]
 31: [0 26 474 0]
 32: [0 26 204 270]
 33: [0 26 454 20]
 34: [0 26 427 47]
 37: [26 0 474 0]
 38: [3 23 0 474]
 39: [26 0 474 0]
 41: [26 0 474 0]
 42: [26 0 474 0]
