4: [2 12 471 15]
 6: [2 12 471 15]
 8: [14 0 486 0]
 11: [14 0 486 0]
 12: [14 0 486 0]
 13: [14 0 486 0]
 14: [14 0 486 0]
 15: [14 0 486 0]
 16: [14 0 486 0]
 17: [8 6 486 0]
 18: [8 6 486 0]
 19: [1 13 80 406]
 20: [7 7 406 80]
 21: [6 8 327 159]
 22: [8 6 486 0]
 23: [4 10 486 0]
 24: [4 10 0 486]
 25: [0 14 0 486]
 26: [8 6 486 0]
 28: [2 12 471 15]
 29: [2 12 471 15]
 30: [2 12 424 62]
 31: [2 12 471 15]
 32: [0 14 207 279]
 33: [2 12 456 30]
 34: [0 14 430 56]
 37: [14 0 486 0]
 38: [6 8 0 486]
 39: [14 0 486 0]
 41: [14 0 486 0]
 42: [14 0 486 0]
