4: [2 5 481 12]
 6: [2 5 481 12]
 8: [7 0 493 0]
 11: [7 0 493 0]
 12: [7 0 493 0]
 13: [7 0 493 0]
 14: [7 0 493 0]
 15: [7 0 493 0]
 16: [7 0 493 0]
 17: [4 3 493 0]
 18: [4 3 493 0]
 19: [1 6 83 410]
 20: [3 4 410 83]
 21: [3 4 318 175]
 22: [4 3 493 0]
 23: [4 3 0 493]
 24: [0 7 493 0]
 25: [0 7 493 0]
 26: [4 3 493 0]
 28: [2 5 481 12]
 29: [2 5 481 12]
 30: [2 5 445 48]
 31: [2 5 481 12]
 32: [0 7 207 286]
 33: [2 5 469 24]
 34: [0 7 446 47]
 37: [7 0 493 0]
 38: [3 4 0 493]
 39: [7 0 493 0]
 41: [7 0 493 0]
 42: [7 0 493 0]
