4: [162 10 312 16]
 6: [162 10 312 16]
 8: [172 0 328 0]
 11: [172 0 328 0]
 12: [172 0 328 0]
 13: [172 0 328 0]
 14: [172 0 328 0]
 15: [172 0 328 0]
 16: [172 0 328 0]
 17: [169 3 328 0]
 18: [169 3 328 0]
 19: [88 84 0 328]
 20: [81 91 328 0]
 21: [2 170 0 328]
 22: [169 3 328 0]
 23: [2 170 4 324]
 24: [167 5 324 4]
 25: [165 7 324 4]
 26: [169 3 328 0]
 28: [162 10 312 16]
 29: [162 10 312 16]
 30: [148 24 292 36]
 31: [162 10 312 16]
 32: [81 91 140 188]
 33: [160 12 302 26]
 34: [151 21 287 41]
 37: [172 0 328 0]
 38: [3 169 0 328]
 39: [172 0 328 0]
 41: [172 0 328 0]
 42: [172 0 328 0]
