4: [37 23 440 0]
 6: [37 23 440 0]
 8: [60 0 440 0]
 11: [60 0 440 0]
 12: [60 0 440 0]
 13: [60 0 440 0]
 14: [60 0 440 0]
 15: [60 0 440 0]
 16: [60 0 440 0]
 17: [58 2 440 0]
 18: [58 2 440 0]
 19: [13 47 72 368]
 20: [45 15 368 72]
 21: [36 24 293 147]
 22: [58 2 440 0]
 23: [5 55 1 439]
 24: [53 7 439 1]
 25: [53 7 439 1]
 26: [58 2 440 0]
 28: [37 23 440 0]
 29: [37 23 440 0]
 30: [16 44 132 308]
 31: [37 23 440 0]
 32: [13 47 207 233]
 33: [32 28 433 7]
 34: [22 38 421 19]
 37: [60 0 440 0]
 38: [2 58 0 440]
 39: [60 0 440 0]
 41: [60 0 440 0]
 42: [60 0 440 0]
