5: [87 3 410 0]
 7: [87 3 410 0]
 8: [87 3 410 0]
 9: [87 3 410 0]
 11: [0 90 18 392]
 14: [4 86 66 344]
 15: [0 90 42 368]
 17: [4 86 66 344]
 21: [87 3 410 0]
 23: [87 3 410 0]
 24: [87 3 410 0]
 25: [83 7 348 62]
 27: [4 86 62 348]
 31: [0 90 409 1]
 34: [0 90 319 91]
 35: [0 90 319 91]
 37: [0 90 409 1]
 39: [0 90 409 1]
 42: [90 0 410 0]
 45: [90 0 410 0]
 46: [90 0 410 0]
 48: [90 0 410 0]
 49: [90 0 410 0]
 50: [90 0 410 0]
 51: [90 0 410 0]
 52: [90 0 410 0]
 53: [87 3 410 0]
 54: [4 86 66 344]
 55: [4 86 66 344]
 56: [87 3 410 0]
 57: [0 90 410 0]
 58: [0 90 410 0]
 60: [87 3 398 12]
 61: [87 3 398 12]
 65: [90 0 410 0]
 66: [90 0 410 0]
 67: [90 0 410 0]
 69: [90 0 410 0]
 70: [90 0 410 0]
